相机内参数矩阵：
[1456.165463502356, 0, 318.5825438290825;
 0, 1460.853940456619, 156.6709166751591;
 0, 0, 1]

畸变系数：
[-0.4565983118218991, 24.23620979041925, -0.02514927432454438, -0.01007062472587887, -564.4880781366253]


第1幅图像的旋转向量：
[0.2089872480185833;
 2.430107307596439;
 0.5988193450986379]
第1幅图像的旋转矩阵：
[-0.7954599194373151, 0.005083214692914478, 0.6059848822348344;
 0.2860547050547027, 0.8846996330078162, 0.3680750807537813;
 -0.5342435982628593, 0.4661338008385804, -0.7051971762783309]
第1幅图像的平移向量：
[21.96632158301385;
 -14.29054381157411;
 299.0015921513914]

第2幅图像的旋转向量：
[0.1659975339710127;
 3.029439534954751;
 -0.8459990497915304]
第2幅图像的旋转矩阵：
[-0.9944119699438547, 0.0991928825236523, -0.03613317158832234;
 0.1035619439242287, 0.8501614246076649, -0.5162368408780034;
 -0.02048799167847185, -0.517094115384922, -0.855683304751979]
第2幅图像的平移向量：
[33.72121004304417;
 6.104052880072505;
 289.654357968419]

第3幅图像的旋转向量：
[-0.3160304902160146;
 -2.199116102491173;
 -0.2849146511055317]
第3幅图像的旋转矩阵：
[-0.5880305824971315, 0.3242175660219507, -0.7410148473079916;
 0.1246728742124227, 0.9415296552357955, 0.3130153075285245;
 0.79917251484501, 0.09167812276855009, -0.594069367432741]
第3幅图像的平移向量：
[21.40041429536718;
 -0.9283486221261289;
 260.0265499402129]

第4幅图像的旋转向量：
[-0.2787604250677855;
 -2.560921707065682;
 -0.566909635326577]
第4幅图像的旋转矩阵：
[-0.8547555845733448, 0.2962380109489269, -0.4261876717007463;
 0.08868527988384525, 0.892405053288673, 0.4424343363672911;
 0.5113978996560347, 0.3403766468691187, -0.7890601539132056]
第4幅图像的平移向量：
[24.4993212917142;
 10.04804626566491;
 266.226077144807]

第5幅图像的旋转向量：
[-0.3295753429958078;
 -2.758229144684651;
 -0.8800381519438848]
第5幅图像的旋转矩阵：
[-0.9489389261517907, 0.2795269359865826, -0.14621766819314;
 0.1431906656533564, 0.7946764335719126, 0.5899032117179689;
 0.2810895723850939, 0.5388451150222845, -0.7941250495438272]
第5幅图像的平移向量：
[34.23779403329264;
 -7.136979336197238;
 284.0909398678768]

第6幅图像的旋转向量：
[-0.3137857739474852;
 -2.740906733972115;
 -1.031021091611426]
第6幅图像的旋转矩阵：
[-0.9582870119921578, 0.2647197659416889, -0.1077471492287351;
 0.1280794727863312, 0.7347718377932707, 0.666112599367911;
 0.2555027422512669, 0.6245268544311583, -0.7380274769928322]
第6幅图像的平移向量：
[25.56237719383727;
 -8.82109006812515;
 291.0728182364876]

第7幅图像的旋转向量：
[0.0693290808201705;
 2.946971226211721;
 0.7542906405808097]
第7幅图像的旋转矩阵：
[-0.9940844485455814, 0.01956760314672476, 0.1068326638576405;
 0.06848748362156901, 0.8763585587256751, 0.4767652893567679;
 -0.08429456534683968, 0.4812616600720959, -0.872514550479038]
第7幅图像的平移向量：
[30.72463808670025;
 15.45246465389875;
 280.71536641484]

第8幅图像的旋转向量：
[-0.05044647738319156;
 -2.720026540820491;
 1.194898243683892]
第8幅图像的旋转矩阵：
[-0.9849699502773779, -0.03727592550350257, -0.1686555733690328;
 0.09899337148422248, 0.6783310093048251, -0.7280572465250823;
 0.1415433129920541, -0.7338102937363, -0.6644455909657905]
第8幅图像的平移向量：
[34.84689884840795;
 -12.66075539927688;
 286.9466621422765]

第9幅图像的旋转向量：
[-2.060795421639988;
 -2.155704865804903;
 -0.04450181441686642]
第9幅图像的旋转矩阵：
[-0.03861671946150336, 0.9948286938385767, -0.09393944269295415;
 0.9901042635490397, 0.05078651444888183, 0.1308215473542005;
 0.1349158859439664, -0.08795794373201765, -0.9869453398513972]
第9幅图像的平移向量：
[-13.51782878905257;
 -9.782992428033282;
 294.5740956299211]

第10幅图像的旋转向量：
[-1.920179433397895;
 -1.944739746460538;
 0.2878518212123367]
第10幅图像的旋转矩阵：
[0.01557390073717757, 0.9109920495311228, -0.4121297602781346;
 0.9913183260899263, 0.03975201312027465, 0.1253305781170424;
 0.130558147865597, -0.4105036700736909, -0.9024640197159858]
第10幅图像的平移向量：
[-23.00422278733085;
 -7.480810565725964;
 291.4040496843568]

第11幅图像的旋转向量：
[-0.1060479722895673;
 -3.032684745482237;
 -0.3905143654892905]
第11幅图像的旋转矩阵：
[-0.9942386848972087, 0.07905612163467343, -0.07238485398170423;
 0.05813945293655327, 0.9650734630449648, 0.2554466968638214;
 0.09005132684256924, 0.2497665721398331, -0.9641096503901463]
第11幅图像的平移向量：
[27.36360024441676;
 -0.8896756557728872;
 280.7865426860686]

第12幅图像的旋转向量：
[-0.4564469134431596;
 -2.796473582943394;
 -0.4560418203638649]
第12幅图像的旋转矩阵：
[-0.9136677221179572, 0.3468983327343306, -0.211832104049233;
 0.2616250202034705, 0.9007635156335656, 0.3466661761796097;
 0.3110685492995348, 0.2613171170237422, -0.9137558328060527]
第12幅图像的平移向量：
[13.23076129082109;
 -13.96486766391446;
 275.6331941615048]

第13幅图像的旋转向量：
[-0.4953747366223886;
 -2.886541015370107;
 -0.3813376444522709]
第13幅图像的旋转矩阵：
[-0.9265872228081333, 0.3491081211576753, -0.139855776678936;
 0.3008128378729629, 0.9111843169560822, 0.2815222497496281;
 0.2257160940197333, 0.2187845064784876, -0.9493079503646008]
第13幅图像的平移向量：
[13.5912613727898;
 -8.808294280869756;
 281.2610865791603]

第14幅图像的旋转向量：
[-2.712682063792005;
 -0.8019980771723995;
 0.3270313892069942]
第14幅图像的旋转矩阵：
[0.8189479147909993, 0.4918024507660805, -0.295727344491425;
 0.5583621579573541, -0.8018535888674679, 0.2127499061846292;
 -0.1324991072448407, -0.3393540502791129, -0.9312802022691568]
第14幅图像的平移向量：
[-26.51679531082313;
 12.76533708808747;
 309.4527687058291]


