每幅图像的标定误差--
第1幅图像的平均误差--0.0707404像素
第2幅图像的平均误差--0.08937像素
第3幅图像的平均误差--0.122297像素
第4幅图像的平均误差--0.0925918像素
第5幅图像的平均误差--0.0887042像素
第6幅图像的平均误差--0.0904974像素
第7幅图像的平均误差--0.0717321像素
第8幅图像的平均误差--0.102314像素
第9幅图像的平均误差--0.100688像素
总体平均误差--0.0921039像素

相机内参数矩阵--
[1467.366324908894, 0, 309.1816608724744;
 0, 1474.698069494033, 147.4364283412102;
 0, 0, 1]

畸变系数--
[-0.6414528359021499, 32.14117014093653, -0.02032423205520551, -0.01054905747628337, -722.4346548705166]


第1幅图像的旋转向量--
[-0.3172973706816012;
 -2.737311084828027;
 -1.02294758708269]
第1幅图像的旋转矩阵--
[-0.956557495490224, 0.2688971092843075, -0.1126592314904259;
 0.1291104188869001, 0.7371719520989973, 0.6632556164657805;
 0.2613967435839999, 0.6198966507871263, -0.7398647746626299]
第1幅图像的平移向量--
[27.44263662174671;
 -6.962121134570556;
 292.839539448733]

第2幅图像的旋转向量--
[0.07217911977206627;
 2.95784056705255;
 0.75083779120667]
第2幅图像的旋转矩阵--
[-0.9949183008569709, 0.02384999920284328, 0.09781999876253554;
 0.06761849289802969, 0.8781171999400649, 0.4736432440008178;
 -0.07460103241964676, 0.477850772425287, -0.8752675735193662]
第2幅图像的平移向量--
[32.54819037288101;
 17.19723148908533;
 282.2493054076568]

第3幅图像的旋转向量--
[-0.0470638149515033;
 -2.710450337593179;
 1.204075908480114]
第3幅图像的旋转矩阵--
[-0.984164713618356, -0.04204360530166498, -0.1721980015033191;
 0.09959214405205996, 0.6724734838764566, -0.7333899497035495;
 0.1466329475650443, -0.7389260779917698, -0.6576374608795397]
第3幅图像的平移向量--
[36.70852934025638;
 -10.82796058103401;
 288.5114784720445]

第4幅图像的旋转向量--
[-2.056914373777261;
 -2.149747330149895;
 -0.04226864104869237]
第4幅图像的旋转矩阵--
[-0.03712904306604492, 0.9943063774939906, -0.09988123865760452;
 0.9896116364474126, 0.05047615240270031, 0.1346141413317838;
 0.1388893198517218, -0.09384554178754013, -0.9858512925982951]
第4幅图像的平移向量--
[-11.62033080542943;
 -7.918621983027045;
 296.5209985975953]

第5幅图像的旋转向量--
[-1.920894306048298;
 -1.94182204015395;
 0.2934115959843807]
第5幅图像的旋转矩阵--
[0.01713255826271387, 0.9095220178532363, -0.4153025096090229;
 0.9916213345662218, 0.03773349652379321, 0.1235447776038899;
 0.1280375112241738, -0.413939466927553, -0.9012549658333389]
第5幅图像的平移向量--
[-21.15440220619573;
 -5.651527430177163;
 293.7862865582956]

第6幅图像的旋转向量--
[-0.1076971449669664;
 -3.025066353092349;
 -0.391451334710581]
第6幅图像的旋转矩阵--
[-0.9935210577710806, 0.08125459097396381, -0.07945816012900717;
 0.05835268503704541, 0.9646830933509182, 0.2568686309222497;
 0.09752369924485271, 0.2505677969104517, -0.9631743908748001]
第6幅图像的平移向量--
[29.17314535194628;
 0.8877397157048847;
 282.328706490188]

第7幅图像的旋转向量--
[-0.4584147458241819;
 -2.79102476331181;
 -0.4524030603225023]
第7幅图像的旋转矩阵--
[-0.9115722263004987, 0.3491560142698102, -0.2170855912693712;
 0.2627043693448858, 0.9008136249781988, 0.3457184221020673;
 0.3162633247227035, 0.2581179783603952, -0.9128814921349234]
第7幅图像的平移向量--
[15.0046688265617;
 -12.19812822530414;
 277.3621016485025]

第8幅图像的旋转向量--
[-0.4966110990679725;
 -2.88042276950119;
 -0.3800408434021111]
第8幅图像的旋转矩阵--
[-0.9249864366136845, 0.3510723775247742, -0.1454244746245306;
 0.3013407953881728, 0.9108222755418087, 0.2821285299498524;
 0.2315033846740511, 0.2171427367331079, -0.9482906805239175]
第8幅图像的平移向量--
[15.40286069667338;
 -7.013610256421162;
 282.9744845605586]

第9幅图像的旋转向量--
[-2.712331791686102;
 -0.7992976763209618;
 0.332616134582905]
第9幅图像的旋转矩阵--
[0.8190576943003798, 0.489472757827329, -0.2992672931548896;
 0.5572794691310332, -0.8027297457968257, 0.2122841221052518;
 -0.1363234634697176, -0.340648461845746, -0.9302550933747946]
第9幅图像的平移向量--
[-24.52611383913287;
 14.6875343368479;
 311.7007013697679]


