相机相关参数：
1.内外参数矩阵:
大小：[3 x 3]
[1320.683217542118, 0, 458.723011637136;
 0, 1341.793894260251, 85.85122023042732;
 0, 0, 1]
2.畸变系数：
大小：[5 x 1]
[0.3226006915610363, -1.30995403591274, -0.05244210331540224, 0.01412739355628097, 3.012423021297555]

图像相关参数：
第1幅图像的旋转向量：
[-2.024705856527765;
 -2.014884341363414;
 0.3421115006206953]
第1幅图像的旋转矩阵：
[0.008235763515036298, 0.9375552473124827, -0.3477388825486062;
 0.9997894755377456, -0.001184881709169971, 0.02048415629931355;
 0.01879299878369145, -0.347834377674439, -0.9373676274037588]
第1幅图像的平移向量：
[-33.14080608452302;
 10.89396662562495;
 214.736222421556]
第2幅图像的旋转向量：
[0.03532559936349081;
 3.01407016578383;
 -0.6940356929914662]
第2幅图像的旋转矩阵：
[-0.9985659847714281, 0.03311035127113078, 0.04206754920565892;
 0.01137808937884298, 0.8991068758499092, -0.4375812666025617;
 -0.05231169218783949, -0.4364751200677049, -0.8981942754339549]
第2幅图像的平移向量：
[12.38999343035637;
 18.8684091261334;
 230.0872800360312]
第3幅图像的旋转向量：
[-0.08819696342332743;
 -3.168278869911349;
 -0.3077558779530237]
第3幅图像的旋转矩阵：
[-0.9975498827405732, 0.05094997705114657, 0.04794091449645227;
 0.05922406361693967, 0.979794767765385, 0.1910359216175638;
 -0.03723898136315212, 0.1934071169788303, -0.9804116203763458]
第3幅图像的平移向量：
[-0.04690994458817498;
 13.03802167198719;
 259.7757751385628]
第4幅图像的旋转向量：
[2.126862100157337;
 2.085766557778209;
 -0.09400918309850365]
第4幅图像的旋转矩阵：
[0.02485604922281559, 0.9974034843338007, 0.06759043020892172;
 0.9872788332345908, -0.01387006008627456, -0.1583923195112325;
 -0.157043568043961, 0.07066760836477538, -0.9850601031734179]
第4幅图像的平移向量：
[-36.32628868337986;
 3.596041785880526;
 147.7082208634644]
